$ANSIBLE_VAULT;1.1;AES256
65653564343130643830353436653933353735326366363161343635396362633762326237303331
3332313130623533613938616137393938376636326230620a643563333331343165306663386333
61333635393366636666363035616364363239326661643039326439343863656531346538633038
3139313266376239380a303237653538316633636263613161653539663930643966643039333363
38353037326266613665633462653431353338316562333463333265383365326161306430306262
33356364313731313033313730623665313637343239393038376133396438306135383236653961
35336661346130656139633632356332313735656335373466366237613335386162386634336536
62386239336533303865626434373864633738313164653934613033356166666438376337636434
36353536366266323261353332346431343535303066333638383133653637623865336162613834
34393539393939613265643336626130306439333838653235656132366262643632363465643235
35303938613530376235306234626531373661316163336263343535636639323639646661323566
36303835616135663430336231663238343137323934396663343238646531613463633637326439
65353330326437346630303031346232376266373439626531323430623738323636313733383235
63396533333933373866323465653532323866393436326131373032666530353865363230323031
66366464363639323261363238323138386536633530633130346365623434613233303961363339
61623935373335613666323536653236333837333262616463393538383339373961323035386433
61386536623236326637343935303264633931393862613865333464646365363133306266623536
64343837653034656430366565653039633235653934393130663737326438626663316135383231
38343731623530343066633131633235313539343332663531396630623636373263306235636264
63373463613134343039663835303334343634303734653738636539336334636664613765613763
35316634333430316363333134356233653666373538616364303661353763393437353233343138
63643931303531376534396231656236653734323963386362666232383131663331373961336339
30376665356230306562396162653533303336373132663831623035313861623931633539666663
64623261333937316133
