$ANSIBLE_VAULT;1.1;AES256
33323233616532303238626631666435313163633037643066356538376635353864613632643534
6561323636653235356339663637303937326434326561660a313730663538636237653337356235
65363938396237613533373738623331366438613438616131313538643064383534303339343035
6637363531356438610a633237373165383538613933313830313330366334623063346630386339
35386634316466366536363466336561373965383531363463376562396139376434313938346465
63323737353639396539646332396539663362333831396333646337633534363164346662303037
37653165353562386235313937666230353832633231393739363436393139396433386537336164
39653430613732353136626262333330333532316636386363363734613734646664323936393638
33613736363536333863623261616335383264303032303265303638366164366539306234633763
37633434383832326130663331363664373130643561306661633563653431313433653232313832
62313366303864633261666631396430393935363535393437303430643262646364313563346232
35313932366564366230373733316639353430663161346166613536396434393063353637613732
38393662346137336335633331376665616436626664333232383037383239643262323438643130
35393933643835376235616131663137663031313566663361333865663138316432326439663732
61373637333432356636393862343864643436613731636436383564346332653765336432633332
33313132363865626465326131306634653766643833303365646664313330643231323163626134
30353236633136613964663363303865626666303632376635663536303436353232613965383630
62383032393032366537383563626238656362646533313365653635353139663430626566323237
33613937353465656361366239316662643163383265323266326465666461386664653565333964
65373164636665633465313862623063343533636531326266636566383832383930353435303365
63316366663439316163353666626565306138316135343038303731396563376135653633353137
33343864333230313037383864636132623761643734363832336237613166626439653033336561
63616362386662396666653334626638666337356466626331393365336630363865336561396334
66653265313539383833
