$ANSIBLE_VAULT;1.1;AES256
61326163366436646436626362623838653063336638353438656339653366393264373332663634
3132613834663139313763316366393165343839303331310a376365303130333238383434363365
62623861613431313637373335373436356336336166653238613531373339316464313332356563
6161343734653231310a393561316637346231633265623361663339386463303837666138353166
39333263333730353832623930633739643333643265323136356330623237306661383635316430
32333334333331393765636232623064376438323964393263646362313434626663386231353532
35643963356133336162393661336337323736346366396138636533303463613633653036643834
37383663333465656534376431313335313738646166626366653561393538326166306536373933
33636132353762613837626331666464303337643135346439343939353536663632613932366334
37313231613963363861616530383365346164633138356439666164666238326632373531373663
65376563623465656631336533313930383061623866386465353864356137633665663430393337
33356663356138323038613938373932326434636634333935303039326165383862356563643064
37626132306535326531623434623836363630323432613036366535323738306161663535646633
65346664353436303639316265616632393030356537336632643037316162613063303761336636
31633134666466336535623735363165666438653936333362383334396434306239306531653462
30343161396566663531323033613262666534313832383831356538303637303233633036663166
64343433333463653933626635376234653663383463386265626630653638313666386238626462
63373565613637623065666634333665646563653966303832366166303162383934636530643364
63356438393631343564653033303266353632303734356266376636373963313061363565376161
30343663653239386162643661646633636339326134333831656435626261336230393530333466
33346133383865653564323463613164623936363135613631326566623766393666653266386338
65616666303335303437373736656263376230396163323166653961653162646132363533386166
63366135663062663038633131383366643866666539386339643866363735653731316635343431
38396564643437623632
